386
6 659
363 999
10 995
524 992
649 989
804 983
472 980
9 80
11 860
14 455
17 121
19 519
22 194
24 192
26 798
29 489
32 265
35 215
37 266
40 47
43 278
54 85
56 700
61 292
63 142
69 83
75 78
77 128
79 312
82 148
84 311
87 252
89 580
94 492
97 266
101 902
104 705
108 401
111 205
114 932
117 972
118 322
120 278
123 843
126 652
129 224
132 217
134 770
138 258
140 298
143 177
298 971
146 657
167 968
454 964
542 961
736 957
749 954
150 163
152 190
155 240
157 158
159 428
161 169
163 943
212 951
533 945
896 942
166 230
168 537
172 420
175 595
180 253
182 894
187 461
190 505
193 432
196 439
199 487
201 312
203 560
207 291
210 283
212 255
214 475
216 468
225 241
228 467
231 264
233 804
238 556
241 278
243 326
247 847
250 931
253 816
256 336
258 555
261 542
265 511
269 344
271 329
273 282
276 749
280 737
283 425
286 422
288 327
290 594
294 361
296 798
299 815
301 415
303 843
306 488
308 329
311 322
314 381
316 321
318 390
390 939
321 542
324 855
330 544
332 674
335 520
338 345
340 380
342 428
344 426
347 417
350 404
352 461
354 935
593 934
355 922
359 454
361 616
364 562
367 392
369 585
372 512
374 492
376 439
378 503
380 606
383 412
385 386
387 798
468 930
842 927
832 924
390 512
445 921
661 917
818 914
692 911
392 477
394 583
396 551
399 554
403 522
405 699
409 867
442 908
573 904
412 425
594 898
415 821
418 649
421 444
637 895
494 892
580 889
863 886
425 568
427 529
430 453
435 783
438 562
443 629
759 883
735 880
463 877
447 454
449 783
454 818
457 869
461 560
667 874
465 528
467 593
469 499
471 500
473 521
478 838
481 749
483 615
486 558
488 648
491 546
493 795
496 628
498 510
500 738
502 557
504 637
508 605
510 723
515 667
517 784
519 657
521 635
523 761
525 699
527 543
529 569
531 629
533 548
535 569
538 611
540 595
542 613
544 799
547 644
549 638
552 871
554 802
556 871
557 618
559 637
561 703
564 677
777 870
784 868
798 866
842 864
794 861
767 859
833 857
675 855
665 853
841 850
778 848
566 574
567 714
571 598
573 578
576 598
582 809
587 620
590 652
593 667
595 634
597 706
599 615
601 611
603 606
604 834
608 616
610 671
612 834
614 615
616 629
822 846
837 844
722 842
808 840
726 837
747 833
618 640
619 786
693 831
622 740
624 632
626 817
628 643
630 698
632 677
634 659
710 828
636 717
638 662
640 675
642 665
644 732
779 826
673 824
646 723
648 714
650 654
652 770
818 822
783 820
787 818
654 663
655 675
663 815
656 683
657 658
659 806
663 720
665 704
667 772
670 813
671 672
672 675
674 687
676 681
677 728
679 712
681 793
683 736
685 737
687 688
689 770
691 746
694 714
696 779
698 704
699 813
700 712
702 703
703 710
706 744
709 731
711 717
713 753
714 748
716 764
718 809
720 787
722 744
724 747
725 812
727 735
729 733
731 742
733 757
735 743
736 745
737 739
738 739
739 813
740 771
741 793
744 784
747 777
749 813
751 813
751 792
755 797
757 811
759 767
762 812
761 769
763 783
766 772
768 805
785 810
770 772
772 779
803 807
774 775
775 796
777 792
778 781
779 799
780 787
782 804
784 785
785 786
787 800
789 795
790 795
791 795
792 800
793 805
794 805
795 801
797 798
798 804
800 804
799 802
800 802
800 801